11111 11111
Fktyf 2552Z
11111 11111
Fktyf 2552Z
11111 11111
Fktyf 2552Z
11111 11111
Fktyf 2552Z
11111 11111
Fktyf 2552Z
11111 11111
Fktyf 2552Z
11111 11111
Fktyf 2552Z
11111 11111
Fktyf 2552Z
11111 11111
Fktyf 2552Z
11111 11111
Fktyf 2552Z
11111 11111
Fktyf 2552Z
11111 11111
Fktyf 2552Z
11111 11111
Fktyf 2552Z
11111 11111
Fktyf 2552Z
11111 11111
Fktyf 2552Z
11111 11111
Fktyf 2552Z
11111 11111
Fktyf 2552Z
11111 11111
Fktyf 2552Z
11111 11111
Fktyf 2552Z
11111 11111
Fktyf 2552Z
11111 11111
Fktyf 2552Z
11111 11111
Fktyf 2552Z
11111 11111
11111 11111
11111 11111
11111 11111
Fktyf 2552Z
11111 11111
11111 11111
11111 11111
11111 11111
11111 11111
11111 11111
11111 11111
11111 11111
11111 11111
11111 11111
11111 11111
11111 11111
11111 11111
11111 11111
11111 11111
11111 11111
11111 11111
11111 11111
11111 11111
11111 11111
11111 11111
11111 11111
11111 11111
11111 11111
11111 11111
11111 11111
11111 11111
11111 11111
11111 11111
11111 11111
11111 11111
11111 11111
11111 11111
11111 11111
11111 11111
11111 11111
11111 11111
11111 11111
11111 11111
11111 11111
11111 11111
11111 11111
11111 11111
11111 11111
11111 11111
11111 11111
11111 11111
11111 11111
11111 11111
11111 11111
11111 11111
11111 11111
11111 11111
11111 11111
11111 11111
11111 11111
11111 11111
11111 11111
11111 11111
11111 11111
11111 11111
11111 11111
11111 11111
11111 11111
11111 11111
11111 11111
11111 11111
11111 11111
11111 11111
11111 11111
11111 11111
11111 11111
11111 11111
11111 11111
11111 11111
11111 11111
11111 11111
11111 11111
11111 11111
11111 11111
11111 11111
11111 11111
11111 11111
11111 11111
11111 11111
11111 11111
11111 11111
11111 11111
11111 11111
11111 11111
11111 11111
11111 11111
